A = [3 -2 -1;
     -2 9 -3;
     -1 -3 6 ]
b = [10;0;20]

x = A\b

P = [-0.1, -1/3;
     (7/40) 1]
     
q = [-4/3;1]

r = P\q
